16
sheep
-16
11
3
0
1
-7
-12
8
-1
sheep
-11
7
3
1
-2
-20
16
-3
1
0
-16
9
-6
sheep
3
1
3
1
9
-29
27
-6
1
11
-23
25
-11
sheep
15
-8
3
1
19
-36
41
-11
1
22
-30
36
-19
sheep
20
-19
3
1
24
-45
48
-24
1
28
-41
44
-30
sheep
18
-36
3
1
22
-63
47
-41
1
25
-58
45
-45
sheep
9
-49
3
1
13
-75
39
-51
1
18
-69
32
-60
sheep
-4
-59
3
1
-2
-86
26
-59
1
4
-80
18
-68
sheep
-19
-60
3
1
-17
-86
8
-66
1
-11
-83
3
-70
sheep
-31
-53
3
1
-26
-79
0
-58
1
-24
-77
-5
-63
sheep
-48
-39
3
1
-41
-66
-15
-44
1
-38
-62
-21
-49
sheep
-51
-21
3
1
-45
-48
-22
-30
1
-39
-43
-27
-33
sheep
-50
-2
3
1
-44
-34
-15
-8
1
-37
-24
-24
-13
sheep
-38
7
3
1
-31
-23
-10
-2
1
-28
-16
-16
-4
sheep
-23
18
3
1
-21
-8
4
10
1
-15
-5
-3
7
sheep
-18
11
3
1
-17
-17
11
4
1
-11
-12
5
2
